id	1omega	2delta	3gap	4radius	5Vup	6Vdown	7kFmax	8kJmax	9type	r_min
0	0.01	2	0.5	0	0.8	0.7	133333.33	133333.33	cont.tobs	0.1
1	0.01	2	0.5	0	0.8	0.7	033333.33	033333.33	cont.tobs	0.1
2	0.01	2	0.5	0	0.8	0.7	001333.33	001333.33	cont.tobs	0.1
3	0.01	2	0.5	0	0.8	0.7	002333.33	002333.33	cont.tobs	0.1
4	0.01	2	0.5	0	0.8	0.7	003333.33	003333.33	cont.tobs	0.1
5	0.01	2	0.5	0	0.8	0.7	004333.33	004333.33	cont.tobs	0.1
6	0.01	2	0.5	0	0.8	0.7	005333.33	005333.33	cont.tobs	0.1
7	0.01	2	0.5	0	0.8	0.7	006333.33	006333.33	cont.tobs	0.1
8	0.01	2	0.5	0	0.8	0.7	007333.33	007333.33	cont.tobs	0.1
9	0.01	2	0.5	0	0.8	0.7	008333.33	008333.33	cont.tobs	0.1
10	0.01	2	0.5	0	0.8	0.7	009333.33	009333.33	cont.tobs	0.1
11	0.01	2	0.5	0	0.8	0.7	010333.33	010333.33	cont.tobs	0.1
